770117
751000
375000
775506
515000
618500
650000
957500
696000
600000
605000
615000
565000
600000
842500
761000
767500
507500
538500
727500
955000
695030
870000
885000
823500
941500
894000
648000
920000
893500
718000
919000
900000
572500
560500
493500
648000
543000
510000
600000
641000
505000
500000
376750
545000
652000
551500
443500
645000
477000
535000
620000
746000
745000
385000
875000
810000
590000
417000
678500
412500
483500
445000
450000
438050
550000
531000
460000
430000
811000
611500
490500
841950
768000
964000
433000
564500
525000
542000
290000
285000
418000
375000
382500
378250
325000
235500
320500
700000
920000
963000
821250
850000
540000
805000
746000
547500
967500
631500
452000
478500
503000
483500
512500
521250
640700
760000
476000
825000
537000
494000
535000
509000
405750
535000
540000
547500
455000
530000
570000
465000
580000
425000
455000
400000
615000
478500
775506
545000
535000
835000
535000
920000
529000
957500
690000
713000
700000
635150
560000
970000
550000
741000
575000
985000
586500
575500
475000
820000
507500
990000
980000
672500
635000
710000
690000
742500
723000
782000
810000
575000
855000
655000
808750
900000
443000
355000
380000
860000
280000
380000
529000
690000
483500
514000
287000
233750
476000
415000
308000
433750
568750
428000
426000
309000
260000
324750
405750
585000
400000
465000
317025
447500
396250
390000
340000
404000
375000
452500
417000
397000
317500
706000
500000
423000
310000
497500
342000
312500
183000
211000
203250
227500
247750
199000
213750
185000
255000
418000
310000
354000
230000
280000
260000
202500
517500
410000
392250
484500
510000
520000
425000
492500
480000
477000
320000
445000
440000
575000
430000
350000
438500
350000
407000
482000
555000
515750
457500
455000
573000
555000
450000
452000
647500
450000
492100
452750
582000
432500
397300
347500
678500
412500
472250
777000
405500
450000
655500
612500
922500
395000
442250
561250
475000
435000
520000
955000
768500
678500
777000
655500
265000
336250
325000
255000
573250
350000
435000
425250
333000
345000
387500
331000
326500
380750
339000
305000
315000
410000
255000
314000
361000
442250
561250
473250
480000
422000
438500
478500
544500
573250
540000
457500
415000
405000
425250
364500
420750
412000
315000
410000
400000
424000
401500
442250
539000
395500
450000
847500
716250
955000
950000
945000
908000
500000
902500
737000
956500
920000
980000
970000
706000
535000
710000
550000
722250
640700
821250
585000
500000
585000
715000
600000
700000
521000
490000
597500
575000
580000
752500
642500
601000
811000 